2155
13162
9661
21232
21697
12608
15196
11760
5229
4986
30520
32764
1445
8442
25980
16934
9350
28541
26302
11581
30448
7283
21889
22851
32301
2063
9470
28961
27603
18074
23844
20122
7659
15372
6109
4734
9810
5597
25491
3360
24928
5913
12019
2825
24520
27315
8688
23022
10175
28699
2059
6624
4449
13842
12242
11971
16976
6078
25511
26113
3230
12281
24515
9344
13549
5871
27003
12497
25556
7656
27585
28074
18053
32098
15597
6294
8877
10595
29118
24811
24988
16397
24987
27388
22182
18035
16415
5009
17609
10155
28629
1940
26512
10789
29248
1037
822
20282
6431
21073
16399
20744
23790
21621
21796
12926
31920
13833
17949
5555
19180
5379
14437
19580
19446
14074
9096
22333
2415
7829
24800
17919
16143
5442
24176
12227
17570
32043
30992
13334
22865
32614
16843
15078
13347
27243
12933
26260
32196
21708
5600
27722
6020
22560
9825
18063
21410
30784
10447
30233
715
2743
1500
17634
31454
12915
9992
16254
31474
17345
6849
22699
4250
9336
17359
27434
25192
31859
6127
3533
943
19013
12734
28114
13709
12329
14809
9071
14633
3384
27459
13486
5946
14047
14087
14971
201
26255
19230
23547
11575
12214
146
5152
22913
4591
29924
30075
19651
31605
21164
24657
1531
20446
3455
24304
30480
18182
5397
7235
28947
14409
17323
10405
9668
9717
2983
243
25176
7422
10363
3045
26489
15604
22219
414
655
31795
22482
29057
19518
31834
17410
23111
12335
766
28906
2126
8724
27295
28253
11828
9190
8154
24273
27557
369
32481
12037
13937
25875
9513
28903
23010
10689
2914
23988
76
3658
31660
17249
31461
11744
14344
24890
15319
25044
25868
30665
13972
28833
3292
4089
6762
11820
20053
15739
6999
29002
3211
24681
15646
643
12918
10793
21658
26646
24296
27029
13139
13116
3266
25176
12623
12977
2920
13211
2347
11889
23410
4578
14954
4287
17317
22576
26124
8300
12833
13426
22882
12374
15835
29466
15138
26671
23630
11787
3767
2688
8046
25269
474
23533
4062
13185
14438
4026
30562
22639
2664
23950
12183
765
26742
9335
18658
14668
23107
16175
7590
27774
19312
28062
9658
20066
6820
30623
7706
10835
7902
27911
22748
17757
5898
9956
18790
2466
14291
28162
8415
252
19385
27316
3811
25316
6499
16848
31355
14739
1078
764
18252
25190
6950
19496
31502
28039
2508
18012
22336
8394
8121
24500
15130
8661
25099
26281
25028
2948
23358
27281
20677
29324
7492
1385
2750
7518
10711
29395
23128
29518
13582
6235
18811
26356
30254
25342
6337
24530
31427
7661
19242
26424
12272
9870
6673
7269
5636
8644
25950
13295
21069
5744
29694
1637
4913
4408
6288
29234
31354
13703
3681
5316
498
24532
8859
7918
3632
15656
32185
18571
9137
31706
8510
10085
29227
31133
28071
27989
10781
4798
17566
20907
20651
30374
7024
10703
1449
9638
4545
29993
28662
31732
24703
24639
17419
28144
13588
797
6355
22956
19680
24314
32446
4524
25830
24344
3345
1258
20933
24812
22912
10269
21483
1919
3582
1083
31749
24084
4308
3645
13241
3595
29424
11298
16024
11269
6272
2870
18254
24649
20416
11156
19740
28263
18960
17642
1417
24603
11082
26748
1620
22387
9042
1132
19372
19508
17903
11320
28323
14459
5337
19076
8161
30880
28691
8218
14997
25183
24698
13359
946
22330
28831
6632
26967
22041
2002
12060
22158
20532
31615
14428
28474
17714
19134
32304
18507
27282
14373
20388
28724
25163
13792
3587
23455
17583
22532
9699
2655
405
16673
6497
30886
23735
15639
32686
12408
2393
32298
7627
3935
10540
12376
31888
5217
12913
22249
8179
18991
353
10313
17287
8607
6349
23571
16451
20572
22018
8046
32645
2012
7151
9116
8022
6291
14730
31440
11248
21863
3951
14144
4734
19299
14538
124
12578
8623
15224
4862
10300
13760
873
24066
20714
18380
11593
13208
31947
19329
25695
16119
25353
12534
22453
13588
24214
14818
2681
29555
25013
12044
931
317
17085
2562
8408
9876
17945
26382
4238
3619
2452
21350
14194
9465
13524
19363
1286
11415
4899
32372
31631
13127
31350
10132
28462
26288
9127
5881
16461
29864
22534
14415
5436
28233
6160
11940
22300
24903
8062
22629
30205
7040
27266
20361
14403
19669
8269
14860
6478
31545
1748
32415
31578
32007
25556
12702
12451
28057
28435
20034
8141
20502
14826
4120
1924
21643
12288
177
9568
29502
5464
3483
17419
21055
9614
14993
29861
10559
14429
17391
30567
6053
3941
17769
6023
8415
12587
14587
32348
17142
30050
25123
16835
23398
9833
31055
12737
20012
23572
11153
10602
8992
29615
17050
26369
3461
18752
2278
12128
4575
5645
15924
16538
15876
6238
12345
22496
10102
26756
19349
20129
9200
7962
14598
4853
28735
12427
23260
32572
14675
8661
16045
21762
15254
31372
22345
24359
27773
6177
4848
32572
25180
18020
8643
10799
28286
16712
121
6187
7541
998
6995
11194
4527
2245
7506
21549
27722
24409
16295
28477
14377
15049
11627
28146
2888
24054
20368
16580
21068
2232
5400
20225
31327
19050
2948
32110
27962
23978
23440
2097
4995
29018
32285
13294
20826
746
15727
6705
12591
11738
22168
5388
12502
5242
20276
3585
25821
17909
21335
13345
26141
17805
12228
23926
15759
5928
15456
6047
16993
29964
19174
11194
7753
4839
28123
6535
27674
4626
11205
19913
9365
2838
29336
6128
19841
20592
24433
8950
7934
20113
11910
30087
4886
11561
26461
15716
5013
5541
6461
27145
14874
17142
15331
23182
22127
16021
2165
8907
12054
28356
24252
11199
12324
23062
2701
13107
31827
17457
32136
28314
5202
2003
20742
21820
2143
21011
9292
21907
26648
8938
11013
31221
25742
14065
32751
16500
22684
15980
4052
10755
11127
1416
12476
17626
16773
29153
14689
13851
28531
31047
11491
1717
9090
30146
20157
14216
14625
31443
13048
24779
10945
4093
7838
24747
5605
29828
19570
23861
17784
20597
27102
7542
13924
30438
24621
32225
19040
7551
15866
1009
7433
11578
21736
21775
12085
4198
24468
5301
23684
8690
17352
28116
20280
8680
17650
19315
26182
21304
15060
1177
16812
9911
8316
32622
26886
5991
3959
3997
16476
7161
31554
5116
16191
20880
16641
5999
7700
17352
24435
30986
28079
30199
27430
24437
19748
4531
4839
31637
12761
24212
18557
24168
30176
26426
24983
26161
8324
28562
17666
1750
7458
8278
30751
29062
21563
3027
8341
24478
23238
28655
20035
1230
11211
22890
8569
27768
8237
3172
8551
18008
6344
22048
22229
26218
3771
11271
32533
31752
32263
15344
27446
17491
24154
20894
24443
15317
7717
13706
1803
4965
21492
26851
20458
27722
6655
25300
17192
8099
18428
13061
11609
5382
32568
11620
11077
27751
15590
805
28384
32571
26295
27911
20604
31966
1451
19162
61
9778
8998
23614
27597
27786
31814
30381
11346
30662
32628
23740
4253
22463
18489
6813
6052
25829
3411
3049
28467
5158
13577
28316
19166
16914
955
10082
10042
14653
6333
6929
19789
30693
11622
16758
10818
30933
19043
21844
20321
905
26449
17834
11839
18323
10380
19509
25906
18238
12097
19766
12296
21872
12235
25717
20729
10965
16956
17286
1497
22073
8505
17739
23955
3126
19212
23226
466
6672
14580
13536
18689
32733
8383
20518
9334
30185
29851
17620
16106
24920
5418
211
24365
31757
27092
20151
25367
13259
21345
19965
26306
1178
11463
16528
27638
21101
20032
20882
5605
1537
18080
14682
19737
28936
16102
25273
24490
15751
15377
30082
29108
27773
13109
27209
21000
10181
9165
2922
1826
27453
11347
1870
10332
18728
19726
30697
22369
19921
19756
903
28131
18034
30224
31433
13201
28499
6381
6122
12355
19766
4756
17223
28280
13811
16778
287
16899
19552
8798
27799
26369
29555
1593
25601
3342
31915
6071
19037
8889
5547
8693
544
30005
14633
19948
1333
30801
9990
18941
15938
19113
10174
4044
1836
18974
7939
15442
28893
19589
12709
11822
14405
20636
693
24124
3230
15170
19434
9833
2805
29927
21827
27334
4838
31553
4078
22747
22695
15168
22633
12605
22600
18245
9191
20323
3640
15759
7413
25525
6412
29429
29533
5094
10364
13787
25419
30084
23982
15711
14254
5837
184
6355
19425
2501
12128
13168
20619
9605
26917
16456
22468
29142
7300
8829
27769
28926
6516
9649
14609
15322
3379
6845
336
9261
27460
11430
29564
20792
26553
461
5311
2699
26286
32101
19661
9498
1302
13610
21702
18067
7866
28496
3422
29423
30078
15546
59
6216
24038
877
4255
3306
5338
3396
8006
13228
8870
28389
9618
14977
28485
23283
3045
10058
27615
13702
16206
9966
30096
31704
19049
21165
21867
21569
30080
24497
447
23141
12790
27878
1176
31660
21734
25356
11145
30706
25863
6923
25769
23168
32723
16006
27868
32571
6632
5810
13140
30748
7854
15721
5719
26336
13114
25722
23874
7937
8306
10052
5070
9188
10354
6787
10898
22356
19247
3689
201
27695
15962
14065
15190
29023
7304
11888
3333
2316
3983
1644
21524
8208
31283
23218
12530
14764
25858
6819
31302
9081
12924
31951
12851
9633
24183
20677
24794
846
19650
9000
30753
24419
27401
26630
9395
22891
10744
8038
12361
30414
4515
10272
22823
11339
29990
13554
17129
7074
2440
6095
25727
22929
25574
22394
6007
20482
8909
17236
11386
4227
18151
31091
10522
10998
32474
4851
4811
23690
27245
27281
27438
10986
6381
12661
16790
16308
18127
18000
32197
6188
7830
679
18422
23858
247
29295
12833
30577
6203
10713
1658
13274
15078
11631
24378
3153
24982
8288
27555
26789
13357
11544
1598
27590
29234
23572
104
8498
14965
19701
18188
7857
30194
1491
17586
28226
27128
19667
9401
21589
13707
16380
23520
17978
15878
8006
6668
9434
20229
31988
2373
4005
29057
18468
32257
25547
15933
26021
31909
15279
12129
19208
14409
665
13669
20474
28347
28842
4913
10705
17863
790
17795
17764
3510
17549
31120
29472
3349
31226
22254
6488
14776
1904
8369
24797
766
8545
29141
4047
4437
7698
6364
1714
7937
31563
22199
5060
19994
27731
1258
4238
8148
1052
26348
32186
28932
20410
10956
4388
8159
29977
23834
27188
16132
10736
21509
24682
31165
5873
21953
8250
3457
31555
32300
2587
31934
9265
10160
2011
24278
3364
23403
19509
29031
15310
3213
12453
20176
11433
8962
9595
28145
25504
6482
26671
20274
29963
12741
29684
31430
6881
1738
24719
13361
10793
31385
9066
1799
31922
18968
26340
4343
8964
18171
27628
11529
29334
32048
10702
25636
17474
18298
8268
18131
30453
5980
4081
5192
2731
29752
3234
21154
26523
30136
7798
15467
9646
15725
25800
10085
26678
13238
28554
18566
8669
3044
17115
31041
21723
21403
14556
25095
9069
4475
13760
11790
17538
14080
25123
11345
12471
27047
24477
472
7045
26451
11158
20793
3257
2542
9308
31583
11813
11859
25714
23946
8598
620
26668
12439
29446
32407
12664
28034
31506
3663
24063
23337
17838
11272
25453
10578
20759
29786
26124
15600
14601
29794
23960
4514
8755
14182
31823
21629
31208
22455
3143
7179
24087
5852
14084
24979
16765
16620
27466
8091
8217
24380
21808
14764
22496
32314
7286
4437
31155
2713
23832
27762
9870
2479
3619
4271
19714
12571
19144
14407
23269
8618
12719
17426
14152
18812
20110
20158
6313
12642
16889
1372
2922
14731
7036
26911
15490
2400
6631
24161
23667
13996
17897
11495
11900
26624
6880
21862
6159
30294
12784
24646
17541
20980
9042
2469
12561
11923
4591
28319
13554
15041
5422
8141
23021
26244
29962
15627
6395
32064
27751
32383
20287
5850
26022
20183
32570
9246
25975
23249
12866
6750
6126
14849
3632
604
13274
5327
29530
28267
10322
27583
14017
7120
18576
25589
19595
17262
27139
15608
30387
23971
10399
21430
19455
23917
17784
22216
11058
9937
21391
4088
28291
17533
9963
26368
29519
8364
14828
405
18955
17738
31965
9380
8828
26456
17352
15068
18474
16787
18062
9324
17170
592
26422
13326
28827
20651
12934
32068
10443
11488
20176
22497
17339
12281
19727
15564
4936
28330
4147
24577
9484
889
16056
11224
24717
1057
29309
394
21939
26169
6868
25329
20352
5905
17621
27023
32507
19165
15865
11986
21101
18197
17636
2454
19664
11291
15489
17644
29061
543
5460
13338
6213
3392
24844
18403
15706
11507
17496
2312
8719
19113
15100
7182
20837
7084
25124
12866
23815
14922
15608
3067
26240
23094
10096
28703
18604
7211
27498
15592
30060
17618
11258
30184
23454
23270
6913
29515
26957
28822
11521
5725
32292
7211
16175
10060
25129
25578
25546
16430
5288
8508
18604
26949
1900
7948
27679
19074
6709
30577
5105
5705
27239
29837
15051
4468
19200
30901
26558
23706
30924
12753
9247
25233
24284
7174
917
4145
32564
6035
29296
14683
21444
5625
15932
20282
15258
8799
3222
19401
18517
18740
13375
30358
32733
8982
11375
26309
26193
1779
1644
26199
25665
10094
9562
6829
23838
8068
10325
5703
2542
12911
15037
14290
27716
17098
16081
31330
28016
17655
1664
6908
32243
12478
3707
14167
18742
13878
28559
18915
20859
14825
31282
9995
2067
23603
12380
24503
13777
4075
4504
11542
18368
1093
27994
18842
21521
26103
12179
23364
27479
15259
23427
21281
2551
24917
10446
26133
15833
26549
30419
727
21604
23007
2617
26941
9386
12009
18634
18106
18911
27268
26501
31781
25104
12511
16110
28859
9489
20936
14761
5736
26552
3861
4423
834
24392
8770
19808
17494
14640
17755
14562
19880
23286
17180
16808
11125
24174
21080
30287
22715
7727
16535
5701
24316
26183