10000
13162
9661
21232
21697
12608
15196
11760
5229
4986
30520
32764
1445
8442
25980
16934
9350
28541
26302
11581
30448
7283
21889
22851
32301
2063
9470
28961
27603
18074
23844
20122
7659
15372
6109
4734
9810
5597
25491
3360
24928
5913
12019
2825
24520
27315
8688
23022
10175
28699
2059
6624
4449
13842
12242
11971
16976
6078
25511
26113
3230
12281
24515
9344
13549
5871
27003
12497
25556
7656
27585
28074
18053
32098
15597
6294
8877
10595
29118
24811
24988
16397
24987
27388
22182
18035
16415
5009
17609
10155
28629
1940
26512
10789
29248
1037
822
20282
6431
21073
16399
20744
23790
21621
21796
12926
31920
13833
17949
5555
19180
5379
14437
19580
19446
14074
9096
22333
2415
7829
24800
17919
16143
5442
24176
12227
17570
32043
30992
13334
22865
32614
16843
15078
13347
27243
12933
26260
32196
21708
5600
27722
6020
22560
9825
18063
21410
30784
10447
30233
715
2743
1500
17634
31454
12915
9992
16254
31474
17345
6849
22699
4250
9336
17359
27434
25192
31859
6127
3533
943
19013
12734
28114
13709
12329
14809
9071
14633
3384
27459
13486
5946
14047
14087
14971
201
26255
19230
23547
11575
12214
146
5152
22913
4591
29924
30075
19651
31605
21164
24657
1531
20446
3455
24304
30480
18182
5397
7235
28947
14409
17323
10405
9668
9717
2983
243
25176
7422
10363
3045
26489
15604
22219
414
655
31795
22482
29057
19518
31834
17410
23111
12335
766
28906
2126
8724
27295
28253
11828
9190
8154
24273
27557
369
32481
12037
13937
25875
9513
28903
23010
10689
2914
23988
76
3658
31660
17249
31461
11744
14344
24890
15319
25044
25868
30665
13972
28833
3292
4089
6762
11820
20053
15739
6999
29002
3211
24681
15646
643
12918
10793
21658
26646
24296
27029
13139
13116
3266
25176
12623
12977
2920
13211
2347
11889
23410
4578
14954
4287
17317
22576
26124
8300
12833
13426
22882
12374
15835
29466
15138
26671
23630
11787
3767
2688
8046
25269
474
23533
4062
13185
14438
4026
30562
22639
2664
23950
12183
765
26742
9335
18658
14668
23107
16175
7590
27774
19312
28062
9658
20066
6820
30623
7706
10835
7902
27911
22748
17757
5898
9956
18790
2466
14291
28162
8415
252
19385
27316
3811
25316
6499
16848
31355
14739
1078
764
18252
25190
6950
19496
31502
28039
2508
18012
22336
8394
8121
24500
15130
8661
25099
26281
25028
2948
23358
27281
20677
29324
7492
1385
2750
7518
10711
29395
23128
29518
13582
6235
18811
26356
30254
25342
6337
24530
31427
7661
19242
26424
12272
9870
6673
7269
5636
8644
25950
13295
21069
5744
29694
1637
4913
4408
6288
29234
31354
13703
3681
5316
498
24532
8859
7918
3632
15656
32185
18571
9137
31706
8510
10085
29227
31133
28071
27989
10781
4798
17566
20907
20651
30374
7024
10703
1449
9638
4545
29993
28662
31732
24703
24639
17419
28144
13588
797
6355
22956
19680
24314
32446
4524
25830
24344
3345
1258
20933
24812
22912
10269
21483
1919
3582
1083
31749
24084
4308
3645
13241
3595
29424
11298
16024
11269
6272
2870
18254
24649
20416
11156
19740
28263
18960
17642
1417
24603
11082
26748
1620
22387
9042
1132
19372
19508
17903
11320
28323
14459
5337
19076
8161
30880
28691
8218
14997
25183
24698
13359
946
22330
28831
6632
26967
22041
2002
12060
22158
20532
31615
14428
28474
17714
19134
32304
18507
27282
14373
20388
28724
25163
13792
3587
23455
17583
22532
9699
2655
405
16673
6497
30886
23735
15639
32686
12408
2393
32298
7627
3935
10540
12376
31888
5217
12913
22249
8179
18991
353
10313
17287
8607
6349
23571
16451
20572
22018
8046
32645
2012
7151
9116
8022
6291
14730
31440
11248
21863
3951
14144
4734
19299
14538
124
12578
8623
15224
4862
10300
13760
873
24066
20714
18380
11593
13208
31947
19329
25695
16119
25353
12534
22453
13588
24214
14818
2681
29555
25013
12044
931
317
17085
2562
8408
9876
17945
26382
4238
3619
2452
21350
14194
9465
13524
19363
1286
11415
4899
32372
31631
13127
31350
10132
28462
26288
9127
5881
16461
29864
22534
14415
5436
28233
6160
11940
22300
24903
8062
22629
30205
7040
27266
20361
14403
19669
8269
14860
6478
31545
1748
32415
31578
32007
25556
12702
12451
28057
28435
20034
8141
20502
14826
4120
1924
21643
12288
177
9568
29502
5464
3483
17419
21055
9614
14993
29861
10559
14429
17391
30567
6053
3941
17769
6023
8415
12587
14587
32348
17142
30050
25123
16835
23398
9833
31055
12737
20012
23572
11153
10602
8992
29615
17050
26369
3461
18752
2278
12128
4575
5645
15924
16538
15876
6238
12345
22496
10102
26756
19349
20129
9200
7962
14598
4853
28735
12427
23260
32572
14675
8661
16045
21762
15254
31372
22345
24359
27773
6177
4848
32572
25180
18020
8643
10799
28286
16712
121
6187
7541
998
6995
11194
4527
2245
7506
21549
27722
24409
16295
28477
14377
15049
11627
28146
2888
24054
20368
16580
21068
2232
5400
20225
31327
19050
2948
32110
27962
23978
23440
2097
4995
29018
32285
13294
20826
746
15727
6705
12591
11738
22168
5388
12502
5242
20276
3585
25821
17909
21335
13345
26141
17805
12228
23926
15759
5928
15456
6047
16993
29964
19174
11194
7753
4839
28123
6535
27674
4626
11205
19913
9365
2838
29336
6128
19841
20592
24433
8950
7934
20113
11910
30087
4886
11561
26461
15716
5013
5541
6461
27145
14874
17142
15331
23182
22127
16021
2165
8907
12054
28356
24252
11199
12324
23062
2701
13107
31827
17457
32136
28314
5202
2003
20742
21820
2143
21011
9292
21907
26648
8938
11013
31221
25742
14065
32751
16500
22684
15980
4052
10755
11127
1416
12476
17626
16773
29153
14689
13851
28531
31047
11491
1717
9090
30146
20157
14216
14625
31443
13048
24779
10945
4093
7838
24747
5605
29828
19570
23861
17784
20597
27102
7542
13924
30438
24621
32225
19040
7551
15866
1009
7433
11578
21736
21775
12085
4198
24468
5301
23684
8690
17352
28116
20280
8680
17650
19315
26182
21304
15060
1177
16812
9911
8316
32622
26886
5991
3959
3997
16476
7161
31554
5116
16191
20880
16641
5999
7700
17352
24435
30986
28079
30199
27430
24437
19748
4531
4839
31637
12761
24212
18557
24168
30176
26426
24983
26161
8324
28562
17666
1750
7458
8278
30751
29062
21563
3027
8341
24478
23238
28655
20035
1230
11211
22890
8569
27768
8237
3172
8551
18008
6344
22048
22229
26218
3771
11271
32533
31752
32263
15344
27446
17491
24154
20894
24443
15317
7717
13706
1803
4965
21492
26851
20458
27722
6655
25300
17192
8099
18428
13061
11609
5382
32568
11620
11077
27751
15590
805
28384
32571
26295
27911
20604
31966
1451
19162
61
9778
8998
23614
27597
27786
31814
30381
11346
30662
32628
23740
4253
22463
18489
6813
6052
25829
3411
3049
28467
5158
13577
28316
19166
16914
955
10082
10042
14653
6333
6929
19789
30693
11622
16758
10818
30933
19043
21844
20321
905
26449
17834
11839
18323
10380
19509
25906
18238
12097
19766
12296
21872
12235
25717
20729
10965
16956
17286
1497
22073
8505
17739
23955
3126
19212
23226
466
6672
14580
13536
18689
32733
8383
20518
9334
30185
29851
17620
16106
24920
5418
211
24365
31757
27092
20151
25367
13259
21345
19965
26306
1178
11463
16528
27638
21101
20032
20882
5605
1537
18080
14682
19737
28936
16102
25273
24490
15751
15377
30082
29108
27773
13109
27209
21000
10181
9165
2922
1826
27453
11347
1870
10332
18728
19726
30697
22369
19921
19756
903
28131
18034
30224
31433
13201
28499
6381
6122
12355
19766
4756
17223
28280
13811
16778
287
16899
19552
8798
27799
26369
29555
1593
25601
3342
31915
6071
19037
8889
5547
8693
544
30005
14633
19948
1333
30801
9990
18941
15938
19113
10174
4044
1836
18974
7939
15442
28893
19589
12709
11822
14405
20636
693
24124
3230
15170
19434
9833
2805
29927
21827
27334
4838
31553
4078
22747
22695
15168
22633
12605
22600
18245
9191
20323
3640
15759
7413
25525
6412
29429
29533
5094
10364
13787
25419
30084
23982
15711
14254
5837
184
6355
19425
2501
12128
13168
20619
9605
26917
16456
22468
29142
7300
8829
27769
28926
6516
9649
14609
15322
3379
6845
336
9261
27460
11430
29564
20792
26553
461
5311
2699
26286
32101
19661
9498
1302
13610
21702
18067
7866
28496
3422
29423
30078
15546
59
6216
24038
877
4255
3306
5338
3396
8006
13228
8870
28389
9618
14977
28485
23283
3045
10058
27615
13702
16206
9966
30096
31704
19049
21165
21867
21569
30080
24497
447
23141
12790
27878
1176
31660
21734
25356
11145
30706
25863
6923
25769
23168
32723
16006
27868
32571
6632
5810
13140
30748
7854
15721
5719
26336
13114
25722
23874
7937
8306
10052
5070
9188
10354
6787
10898
22356
19247
3689
201
27695
15962
14065
15190
29023
7304
11888
3333
2316
3983
1644
21524
8208
31283
23218
12530
14764
25858
6819
31302
9081
12924
31951
12851
9633
24183
20677
24794
846
19650
9000
30753
24419
27401
26630
9395
22891
10744
8038
12361
30414
4515
10272
22823
11339
29990
13554
17129
7074
2440
6095
25727
22929
25574
22394
6007
20482
8909
17236
11386
4227
18151
31091
10522
10998
32474
4851
4811
23690
27245
27281
27438
10986
6381
12661
16790
16308
18127
18000
32197
6188
7830
679
18422
23858
247
29295
12833
30577
6203
10713
1658
13274
15078
11631
24378
3153
24982
8288
27555
26789
13357
11544
1598
27590
29234
23572
104
8498
14965
19701
18188
7857
30194
1491
17586
28226
27128
19667
9401
21589
13707
16380
23520
17978
15878
8006
6668
9434
20229
31988
2373
4005
29057
18468
32257
25547
15933
26021
31909
15279
12129
19208
14409
665
13669
20474
28347
28842
4913
10705
17863
790
17795
17764
3510
17549
31120
29472
3349
31226
22254
6488
14776
1904
8369
24797
766
8545
29141
4047
4437
7698
6364
1714
7937
31563
22199
5060
19994
27731
1258
4238
8148
1052
26348
32186
28932
20410
10956
4388
8159
29977
23834
27188
16132
10736
21509
24682
31165
5873
21953
8250
3457
31555
32300
2587
31934
9265
10160
2011
24278
3364
23403
19509
29031
15310
3213
12453
20176
11433
8962
9595
28145
25504
6482
26671
20274
29963
12741
29684
31430
6881
1738
24719
13361
10793
31385
9066
1799
31922
18968
26340
4343
8964
18171
27628
11529
29334
32048
10702
25636
17474
18298
8268
18131
30453
5980
4081
5192
2731
29752
3234
21154
26523
30136
7798
15467
9646
15725
25800
10085
26678
13238
28554
18566
8669
3044
17115
31041
21723
21403
14556
25095
9069
4475
13760
11790
17538
14080
25123
11345
12471
27047
24477
472
7045
26451
11158
20793
3257
2542
9308
31583
11813
11859
25714
23946
8598
620
26668
12439
29446
32407
12664
28034
31506
3663
24063
23337
17838
11272
25453
10578
20759
29786
26124
15600
14601
29794
23960
4514
8755
14182
31823
21629
31208
22455
3143
7179
24087
5852
14084
24979
16765
16620
27466
8091
8217
24380
21808
14764
22496
32314
7286
4437
31155
2713
23832
27762
9870
2479
3619
4271
19714
12571
19144
14407
23269
8618
12719
17426
14152
18812
20110
20158
6313
12642
16889
1372
2922
14731
7036
26911
15490
2400
6631
24161
23667
13996
17897
11495
11900
26624
6880
21862
6159
30294
12784
24646
17541
20980
9042
2469
12561
11923
4591
28319
13554
15041
5422
8141
23021
26244
29962
15627
6395
32064
27751
32383
20287
5850
26022
20183
32570
9246
25975
23249
12866
6750
6126
14849
3632
604
13274
5327
29530
28267
10322
27583
14017
7120
18576
25589
19595
17262
27139
15608
30387
23971
10399
21430
19455
23917
17784
22216
11058
9937
21391
4088
28291
17533
9963
26368
29519
8364
14828
405
18955
17738
31965
9380
8828
26456
17352
15068
18474
16787
18062
9324
17170
592
26422
13326
28827
20651
12934
32068
10443
11488
20176
22497
17339
12281
19727
15564
4936
28330
4147
24577
9484
889
16056
11224
24717
1057
29309
394
21939
26169
6868
25329
20352
5905
17621
27023
32507
19165
15865
11986
21101
18197
17636
2454
19664
11291
15489
17644
29061
543
5460
13338
6213
3392
24844
18403
15706
11507
17496
2312
8719
19113
15100
7182
20837
7084
25124
12866
23815
14922
15608
3067
26240
23094
10096
28703
18604
7211
27498
15592
30060
17618
11258
30184
23454
23270
6913
29515
26957
28822
11521
5725
32292
7211
16175
10060
25129
25578
25546
16430
5288
8508
18604
26949
1900
7948
27679
19074
6709
30577
5105
5705
27239
29837
15051
4468
19200
30901
26558
23706
30924
12753
9247
25233
24284
7174
917
4145
32564
6035
29296
14683
21444
5625
15932
20282
15258
8799
3222
19401
18517
18740
13375
30358
32733
8982
11375
26309
26193
1779
1644
26199
25665
10094
9562
6829
23838
8068
10325
5703
2542
12911
15037
14290
27716
17098
16081
31330
28016
17655
1664
6908
32243
12478
3707
14167
18742
13878
28559
18915
20859
14825
31282
9995
2067
23603
12380
24503
13777
4075
4504
11542
18368
1093
27994
18842
21521
26103
12179
23364
27479
15259
23427
21281
2551
24917
10446
26133
15833
26549
30419
727
21604
23007
2617
26941
9386
12009
18634
18106
18911
27268
26501
31781
25104
12511
16110
28859
9489
20936
14761
5736
26552
3861
4423
834
24392
8770
19808
17494
14640
17755
14562
19880
23286
17180
16808
11125
24174
21080
30287
22715
7727
16535
5701
24316
26183
12291
26658
9022
7470
27781
19004
1110
30969
7211
12661
11878
5328
20173
2648
18341
31394
12528
12389
23134
29975
26090
28584
8252
15815
19783
17553
4804
23465
14188
19967
25891
17870
19834
9630
19242
7759
12405
4723
12695
6532
5030
18869
19350
25974
22077
12767
6535
9623
24635
23555
19714
22193
18063
10081
11800
12061
31359
17208
26076
20277
2122
732
21027
22027
10508
14345
18055
11868
11233
1911
24242
10175
31309
27566
17881
12322
15324
23068
6022
16759
23813
15973
15771
22443
32084
16378
28564
728
2249
1517
14092
27067
123
27908
7554
20584
13952
25612
26462
30524
273
25199
47
26132
10474
11529
31799
30652
5872
23864
21289
14763
1302
24114
14385
29677
13953
21660
13109
28000
31467
9304
24411
16419
325
2206
29387
21068
15776
29262
29622
18137
26189
8324
16023
31466
19523
10093
16824
25389
4802
22874
4600
23961
2614
17939
15565
19295
12894
17518
31621
1821
10157
14880
11217
2901
32753
5586
12675
23839
23090
12152
9623
3866
9693
734
30320
28840
25890
30851
23909
15707
28314
12459
19836
24746
29229
1200
16245
8681
17715
12953
32523
19576
14809
26349
23926
10298
1478
6346
27956
22088
31743
27697
11017
26087
7688
3748
14405
13752
18509
16883
2629
29999
32192
2387
13116
23110
5826
11440
10292
24435
22343
1604
10319
7639
12341
20073
10579
6072
12302
22955
28005
1841
26319
32034
9749
1320
16664
3327
18587
7297
7820
10596
30560
7569
10107
19833
9409
17878
9663
21692
21263
4069
25827
27288
5594
16291
23947
6202
14447
32440
12303
25760
11679
7489
12906
15090
11458
19141
5459
2838
8188
23403
25769
22655
18367
28010
26388
11077
14225
704
8426
6011
4112
25383
32335
20157
6707
23109
26785
28680
10194
9763
19219
2510
23913
10720
19095
586
18713
14503
13570
23058
27375
3294
27498
31979
4713
16288
19411
5344
13622
21614
24075
5014
9022
11553
18387
26074
15330
31267
19519
1404
2181
31455
23136
23904
24651
8822
28448
13266
31008
29876
20076
3866
2557
12098
22425
18512
25190
4893
30976
16498
6968
25158
1772
27572
17569
26044
31159
10007
13680
4007
22319
3133
24463
3542
19262
14204
19917
24683
13259
13361
12001
18645
9179
855
4524
9471
8700
28760
14015
2759
9699
10274
6941
14258
6484
18046
8258
10462
24642
19869
30052
28472
11320
15348
9720
5102
7927
13387
29048
8488
97
27664
20580
8947
2965
21488
19079
13437
5980
11945
635
28040
7620
2585
6767
17433
26378
20123
22056
13936
23485
22676
7750
20797
16929
20553
18633
26129
27346
13300
19155
1555
4265
18454
14255
5364
28643
25102
12563
2085
22656
16619
11426
9799
16362
26751
12981
23267
5591
12980
31323
29275
24688
2852
1695
21024
25523
2275
10505
294
22550
23199
3431
5269
29805
14572
13004
21698
20237
21209
30170
11869
23090
26823
4157
17388
32670
2427
12664
13175
8067
9585
5348
25733
30371
27763
14581
29256
12214
10603
7104
1557
9228
4214
8378
13847
3955
13113
963
15427
15195
3960
32099
6542
25912
27620
31827
31070
25640
30517
6207
26943
20950
23929
8650
14552
15006
18348
29651
5661
6386
31112
27126
14790
8188
414
8278
14335
6532
12198
24730
18785
23317
17684
24630
8225
5723
5100
13292
7559
2256
32726
7314
31650
20120
5493
4373
16187
23720
11253
10686
1543
26158
17635
20660
1312
12589
7746
23491
19382
7784
10971
29531
7682
26754
25812
27356
31868
24163
11908
28176
11086
7390
13702
10233
19976
2960
3084
18126
27541
8459
27766
320
28270
12852
23332
257
29965
20713
6792
22151
1701
32231
9599
23054
16
12779
9185
7644
19721
536
3414
21960
16795
25497
28268
22525
10201
21127
999
6908
21968
24589
8281
21728
24506
27594
4082
8166
14965
3190
28312
18476
25139
27593
9274
9913
22898
6552
31586
11710
5167
6722
1546
2587
9046
13386
17585
32293
13438
16709
17326
22951
14803
1527
8899
13095
20051
21945
15093
18026
10814
1309
22171
7226
15303
28629
12214
24422
14352
5585
10368
779
14421
5032
29256
7698
14184
31289
5756
8186
861
18834
5640
17111
30598
4881
4830
24219
4770
1736
14294
405
15697
28710
21177
29239
21707
26068
21656
32284
19922
12510
11363
14922
997
12051
12215
6324
2231
13486
1526
30467
2015
12598
18845
2709
4817
7074
21458
19910
26893
27073
26173
21103
4246
5849
10009
7597
21158
32143
9099
28900
28832
2310
19506
9219
9542
331
8191
29961
17964
30449
31047
28872
6508
4600
12566
22760
13212
18420
3271
11056
29181
15722
10705
11777
25845
22142
23524
9763
16064
15051
12597
6597
6754
20627
4374
17598
12000
29464
10441
8729
17071
26697
6806
11985
29549
22945
8987
18905
9679
21581
10468
21855
12763
5261
27195
32082
8023
8284
15681
18210
1665
30035
5694
20167
26880
19915
18486
21764
5915
16706
13245
749
29993
17408
22539
1703
13640
18937
31315
28015
22866
4342
22353
24285
4365
22000
4899
7530
18594
31164
23385
28721
31569
22766
28495
23026
7778
23287
699
16732
14431
31888
11906
28300
30848
22876
25552
465
25191
30920
5479
18354
25101
25143
2871
3634
23549
15452
5167
24402
3520
31718
2644
17624
21144
25955
23824
31055
8305
26206
5580
10831
20756
2507
2753
12286
2974
2982
13322
24023
25136
20438
22270
20650
30697
16471
31678
24036
17169
22168
24842
2065
16279
21538
25177
7327
9662
28283
1064
24293
30995
29258
6802
25700
930
8635
15905
1612
4457
21029
740
3138
13
3307
9665
29792
30412
14240
9229
31869
23219
1902
29018
20655
21265
17336
16272
783
29227
7166
3392
12476
22065
5377
28212
30755
22129
20776
16971
9341
4299
14371
20100
12952
27493
16846
27736
4827
24224
26712
17229
19589
6986
1444
16584
26165
24853
8175
16930
14255
6471
27060
9471
2269
2484
30924
12763
8724
13289
30938
5350
12697
13483
23782
22802
10852
14240
21576
6506
35
21323
1736
23717
25730
24894
23555
20219
27050
9866
21009
20023
11783
24699
10084
31758
30031
2434
23539
19119
21184
27251
19864
14235
18601
19440
29623
10423
299
23589
32289
8095
1089
7351
23352
14142
3838
27894
26963
8092
28694
1114
22372
3062
3488
28973
30936
18196
30746
28549
4286
25047
11950
11381
22572
12306
30899
18820
17374
1946
30839
13406
19745
30113
23356
9930
16879
24127
19072
25308
24668
14930
642
32620
16689
26504
12801
22727
21974
16058
1863
31139
32117
25724
3686
4185
30044
2034
17602
17486
10403
997
1487
32690
8975
5653
13596
366
11063
8401
18833
19287
18405
10950
7669
16552
13503
4373
10930
2223
2599
8104
3293
2502
7263
965
32369
4229
22001
19683
9179
30518
4430
28605
21180
24969
13749
32678
13802
24714
6998
4636
29368
4815
31416
159
13175
5366
27480
31940
15164
22095
13715
10885
26340
9685
31685
13531
16214
2915
32435
4239
264
16676
294
24908
15557
24908
3801
13562
30125
7173
10901
2375
24701
2476
10139
20358
10256
27966
12866
25277
23334
31501
19425
9209
26469
30648
15855
12517
17821
17241
18537
26779
15184
9472
3956
12986
21874
27233
3140
15545
109
12233
1340
8571
24936
25687
20823
12067
21705
24168
27334
16169
13816
5203
5339
21678
21606
19799
6437
29964
14799
24273
24541
28338
9660
18866
26496
559
25163
19505
24510
8588
22066
15293
27539
14815
30722
15158
20148
15133
1705
8540
2604
21040
11067
9096
11335
2377
26610
6298
22447
17016
30835
26674
17877
16506
1874
31267
18578
12754
23769
14884
3855
29211
27397
969
12770
30108
23250
2738
19065
4893
32440
4867
6588
8185
20086
3603
494
4725
20494
28521
22484
7760
4625
19940
20250
32667
6940
9529
1522
26571
29347
19363
29694
16653
9965
28629
16496
15321
29792
13108
17264
23242
29183
13379
14014
28845
26417
7518
22936
17624
11972
2988
3038
20925
19249
25167
9332
20926
4130
24029
1768
3651
1329
31764
15444
9482
26099
3017
4998
14271
25397
31010
3167
14797
2437
10757
4729
20595
28917
32464
19212
31002
6683
19275
31251
27110
7260
23515
17066
24715
2411
23288
18107
21346
10764
10976
27097
14524
30750
1933
15212
22646
31192
1253
19471
23501
25171
15666
29238
3956
6984
17361
16916
3044
7196
12334
15548
14324
12825
21744
31366
22953
7679
30576
21684
10575
10939
7024
21077
6856
8566
14090
23658
20773
16081
25318
32072
28787
3439
23216
12093
16855
18869
25033
32374
24030
13005
24637
544
20750
27889
19446
28878
28353
22758
12847
21531
17971
1222
29995
8080
28121
6659
4646
11976
6388
27817
908
28369
11111
4067
4969
14038
16325
5057
12832
5115
21423
20536
9569
3209
3677
24939
9045
7755
21882
14632
11803
31800
9269
27062
17272
20305
22677
3534
13514
32461
27404
29159
15166
17268
17488
25271
7235
2633
9574
17654
29247
27243
22015
23141
28032
12861
3336
22543
8565
20421
18301
12750
12830
6226
382
16146
30145
13154
1444
7390
24287
11458
18069
28947
16998
29175
30422
29425
20008
16093
21217
23771
17292
15758
20856
11098
19075
23941
11832
19813
28862
9732
625
10720
10527
1970
24629
7778
24429
29065
9135
23355
29771
11503
28342
16566
13675
17699
674
8603
9727
32219
27743
3832
11120
7468
14016
4385
29267
3241
5909
29174
8089
5583
18431
31844
8709
15777
1667
21807
14308
911
25950
20718
31992
1948
27288
27479
5301
23488
11100
17340
17584
1163
23047
17110
4948
27916
31359
19906
16086
20977
12486
10825
8300
26607
24015
30820
20410
16741
32400
25855
6797
14140
344
31230
9420
22801
1379
12158
17580
10390
14508
8797
28450
9269
18434
5116
18590
25847
5470
5955
11766
21413
10356
3814
18848
14637
3464
24807
2341
11846
5763
861
1746
11863
12870
18035
15281
20885
20030
32691
3512
29292
30264
31365
3647
16929
9847
20978
31928
4277
1028
6062
24986
19468
28486
27734
21918
31311
9426
27894
18734
13198
24708
6606
24602
24234
14031
6742
13710
13682
6225
639
7233
21516
13227
32060
12014
22423
10639
65
17672
20494
18203
27914
8106
2415
14949
17184
25293
28701
30039
18328
11965
5251
12989
17884
28110
4603
20892
19886
10826
23790
31429
4713
175
15420
17579
20362
535
29150
18802
22128
6904
22218
25416
10592
21005
28182
760
18380
29588
13153
21692
4053
31930
10351
10067
22798
23380
26131
18772
11395
21967
13394
20674
15866
12138
28101
224
2680
23714
12863
16967
16391
23534
11440
24885
21175
1709
28745
1576
25315
28253
12513
7340
22709
6669
23192
7281
22764
14357
19642
26784
30429
6148
15334
14703
18360
218
32623
17396
15117
14200
19970
5174
23695
18772
11657
19850
25367
28529
6736
17693
12524
7567
10598
10957
10561
4511
10823
13373
32511
30585
2999
32296
24773
29905
2033
6133
9773
12647
23553
28044
25170
12159
3695
873
32655
2193
2333
14574
18569
25153
2674
1278
623
12177
12728
24775
31872
4694
10947
21727
14542
28905
15572
23699
4674
5150
16573
4988
993
24954
16965
24915
30029
1440
20685
6149
12431
8973
17204
14346
25875
22789
29433
20211
23540
14029
12959
9283
16763
28443
854
10368
10210
24523
19927
23178
10077
16851
8848
5931
16219
5497
17665
1774
23816
7876
1638
7733
11031
1584
13206
25478
3776
29093
6699
28710
30212
10666
26851
24297
23352
7895
28486
7496
8641
25480
137
21172
12317
28121
32179
21034
27427
13774
19198
18952
30347
977
13440
9759
24240
866
1546
22537
3989
28170
23121
31164
15654
25232
25931
32352
8385
15472
15836
25950
12277
32649
27314
9146
12426
11286
13934
14242
19905
3807
3844
6727
4828
25009
29796
1003
28385
20491
14938
13883
9628
13338
8626
16608
20963
8167
3233
29777
23838
1744
21088
30443
4102
6965
30234
12355
8364
13427
17672
32443
25021
20758
8155
27475
30469
2378
29530
20418
13107
1427
9292
8902
732
19902
29336
24248
2242
1048
6059
13923
20309
24797
9242
3094
13178
499
24712
24312
27788
25304
13771
8860
21920
4314
24650
13525
23566
28550
29353
26060
14125
8546
27561
17999
19805
26847
25417
12396
27211
5513
4914
15935
10864
20865
15953
8968
16347
25389
15302
6784
29745
14126
10493
25198
3058
18066
1818
29301
28413
11595
18331
26160
14935
1248
3128
19841
7976
22371
7694
22309
13062
16035
24573
2444
5494
930
16463
32232
3760
21066
28058
20869
2979
21851
21223
16728
6969
20136
7955
9178
20700
32643
23414
13591
12345
30070
21955
26881
1604
3892
24879
14347
21372
19918
13014
6643
11120
17962
23898
8927
11650
18098
12237
30380
31467
1353
31697
1667
19967
27011
1789
19629
5810
18197
11139
31400
16476
7306
27664
19834
1209
10808
32500
31813
28724
30067
5251
29980
31589
3072
23739
23573
24024
7116
4135
159
32272
13022
2
15638
8907
15243
29088
29845
18824
2281
18698
8972
17991
1926
18153
13202
4240
26201
23973
4348
25014
19448
25037
9390
2141
27660
6586
14257
5434
4354
28783
27142
17690
28164
20420
13370
19494
19752
26052
10043
26213
28135
22867
24170
20866
10192
12820
22513
5072
9597
30601
10071
13451
19399
19324
13906
18785
8502
926
2012
32048
18875
1647
12680
29714
27298
28509
32535
12439
2754
15920
29766
24145
17143
5541
8427
9622
21202
19801
31552
27777
28046
23273
13439
10554
21318
22104
15279
10615
2662
7601
25277
29507
19808
23533
22990
8959
160
30486
29908
27302
17601
10669
28511
5717
30977
19274
8887
14858
16882
3202
25127
27819
26739
10765
29083
13387
9439
23336
19054
1962
10884
32569
8829
2298
1879
20146
27008
24041
11237
4919
12442
18651
12173
11011
12334
26487
9453
23432
24565
14950
4762
14165
21837
23127
25620
6973
23508
32327
26361
1718
31798
14079
10360
21375
25923
990
18185
4230
27461
9432
3163
1032
4496
19903
25486
6394
21082
7873
32675
15272
6349
1587
17969
27036
8539
28557
21081
30913
13394
25525
9211
22984
28336
32384
20266
22987
3384
23926
16350
10032
28101
27605
26089
7633
15071
12249
23853
7769
30092
32059
26123
29937
20840
12535
16927
4893
5880
23123
18730
8416
60
29981
19023
10535
17283
6452
3459
25957
16515
17226
2367
27770
937
6887
8311
18649
5038
22961
31952
14826
15723
14316
22798
9389
20974
573
20427
30625
2765
15539
623
1508
2234
30471
11356
7579
8280
13859
30313
23956
26958
5858
7826
3626
17305
3607
18414
361
18214
27088
1761
15987
20896
30684
32146
31778
9863
30090
7327
12015
21890
11444
23568
11795
23286
25084
138
13292
11991
30806
16581
15777
13758
28103
24384
3593
18492
5484
3124
22473
17519
12989
9158
21181
24018
23059
7296
16538
8025
14952
14850
9425
21438
13406
22517
13238
18453
25219
24897
15585
7335
30420
18304
5332
6141
4480
3762
16863
12347
29934
16690
28737
16048
15104
24553
29072
4522
28570
8897
19291
20623
13406
7516
6413
26153
20922
7175
17684
25922
22821
19689
23875
7025
15525
2432
1653
17971
32661
21583
21364
7741
25765
24272
793
11537
15650
11184
27060
8400
15736
8507
2477
4687
31477
8214
8044
29036
30415
29228
9335
2979
23145
9706
3546
24796
18642
10671
18892
14983
27022
15230
16527
14571
4250
247
23704
19131
10154
23429
24048
17131
15541
19672
31962
193
22963
32662
8118
24111
2470
18509
10277
22624
11991
12973
7022
9873
3682
28404
10785
13090
13556
13225
23290
10989
6356
26509
23815
5846
7456
10191
17677
13219
23130
32383
14889
31759
20515
23877
21939
6425
25669
12371
14951
11426
21239
7576
9927
10807
29789
17462
1723
12844
31567
4151
18555
8938
4443
30331
30894
21641
29709
11509
27092
12962
30573
13080
27361
10334
4554
16011
20778
4819
21686
24612
22917
11665
30546
29972
9388
11639
21964
14431
21219
32204
2597
2192
731
21387
568
13738
14293
2813
14072
27489
27402
909
26873
2954
19531
28121
1586
3281
30181
16389
7425
12714
6087
17492
111
11146
24039
30201
438
32342
5601
8234
25344
14364
22497
29559
26482
20737
14020
1370
9321
18298
15226
28175
30723
19647
12207
30885
18658
5501
31658
6486
29484
8907
7029
7700
1750
5984
28478
19812
15139
27907
27389
26479
15207
7746
26967
15702
12561
6247
9666
21191
12008
2472
8683
15822
24981
24478
31317
14573
10594
2553
28226
7022
321
21873
7894
11256
22288
29440
18810
353
14619
32590
383
26051
31971
7789
11523
28626
17182
32710
18713
18028
31998
24147
14628
17010
22198
20751
9604
25303
11067
32683
11637
18166
25927
3971
28723
9001
29092
23760
12643
25495
9895
21535
7342
29005
17659
2
27823
19857
30111
7941
30991
30578
26930
21987
28654
20388
31855
20986
16005
28299
1524
28669
27914
8342
12615
15081
29140
31950
2842
22330
16320
18863
8910
11870
5075
9270
25911
28266
17953
7483
5279
12812
8685
16641
525
25792
2321
15628
27591
14151
26273
6194
9493
14422
13515
12533
27464
25995
6657
30224
3067
18596
24923
3408
16537
29939
21046
23717
25375
30989
11042
10617
24611
6339
17403
16960
2582
25427
6997
26193
12742
31199
21277
24564
10278
6685
24702
1212
3410
16721
29442
4119
4302
31608
22266
3107
1806
12998
22303
15555
30780
4947
24953
16627
3125
22290
29568
24152
30677
3586
4482
11035
20340
13992
19780
2552
25264
15036
8172
11410
1389
9251
6942
4106
27163
7709
13670
10191
28984
5824
13782
10936
4629
5285
752
13904
16604
5345
22726
15473
30162
1334
10847
28436
14810
11915
12893
7783
23611
9114
30429
15648
13730
2025
17567
32529
7275
17147
25959
17917
28188
29639
5538
20651
21042
14441
32077
24632
6689
7704
12307
18353
25238
19800
30901
6626
23039
18032
29615
26984
20557
16927
15641
20238
29688
2699
13771
10838
24644
24698
9156
20565
24772
16580
12749
7364
3612
7689
4697
6485
10250
25247
18864
12099
20648
20174
25420
5933
3307
1856
5763
31524
11888
26547
7783
32515
2680
28145
18667
8958
8753
20738
327
13438
8247
6304
22941
16685
20314
18667
22492
16460
28322
30302
2533
26189
1680
22018
9452
22174
9127
7649
13345
10179
6699
18878
6800
28071
14121
6147
27718
15924
695
21243
25270
25633
30589
14913
28763
13323
21364
8313
14238
14280
26094
4413
26873
9208
32471
4954
19549
19420
25402
23357
31185
1900
27398
424
1373
16291
11283
4778
8742
5406
22112
2253
218
21733
9631
2193
27982
12169
3059
28697
28518
26223
31224
3877
29494
25451
26628
6976
15462
28304
1196
13371
10459
30279
11402
3289
1683
7583
3902
3020
209
1252
9651
30944
26747
115
23972
2679
23488
12748
7774
26421
4349
14057
2759
28668
18658
25551
9375
26139
11217
14946
13574
16834
5766
5245
7742
19642
6653
13378
31411
21842
12944
11951
11576
3485
31329
25714
18068
27354
23287
31999
25661
6452
556
6111
27747
22444
7750
10315
19248
20563
9572
12025
5455
16572
11292
17974
13227
1713
3938
13365
31865
25893
30123
30631
23928
5482
27475
651
31607
30884
7740
5960
27417
32126
31929
31737
26325
3611
15274
30728
9792
6736
2024
20478
14991
4624
26339
13209
5207
25639
2697
21024
5784
21803
7274
2291
23290
17072
17434
24678
2902
9916
27863
19151
29816
28539
3692
23006
13860
32563
32085
24109
13398
26745
1572
9496
11726
15014
22564
18639
7116
29317
827
18089
16153
25422
3349
20412
32326
11224
24958
1962
31032
3082
8720
9661
30181
11923
6415
11319
2648
15066
21393
10723
10235
17208
9954
14832
27669
25446
9510
13823
22930
9009
17728
20091
24579
29045
16883
32041
21477
19272
29767
1536
15398
25462
11567
31290
6373
24110
21096
29099
1914
29946
17060
28242
26550
5876
17640
7726
26219
22840
1843
28498
4399
19349
28768
10812
22366
1416
18765
1635
7262
32618
317
27919
16167
3048
4475
24173
15106
1460
17473
11491
17808
1402
25303
673
3599
13334
3839
25977
473
3332
19345
11504
14893
9495
30819
7829
30514
18798
17771
9361
19513
2725
24872
21120
24899
2120
26173
11391
28099
4237
19552
25734
20645
26690
24690
505
27022
20228
2031
10105
5990
5042
21385
27392
20
19745
9488
29741
1416
2833
27797
21724
3071
4960
16591
20474
30082
32638
22206
664
30384
20001
7309
9021
10430
15674
31677
19329
31932
39
1664
32727
29722
9770
5219
27051
17002
17690
4656
30637
15463
15448
2323
22636
14391
9221
8443
806
17133
15474
8771
17118
20306
29144
14994
30640
16869
18506
2304
610
32288
17383
13690
3643
22781
8532
5991
11544
5305
29290
12171
31164
18904
29483
31020
13416
24937
11003
22132
3499
1163
11789
7191
4988
9520
4891
54
29830
1057
29018
28802
3523
22595
31405
5028
30284
31512
1560
31197
32112
16008
7800
16617
20227
20450
26994
12074
12792
19486
31402
2562
5427
26981
26421
11137
24216
22995
11600
6976
12392
19323
17490
11916
6349
10667
26847
29639
24499
882
31071
27916
26330
15200
30382
24082
20521
25741
32021
12627
24134
28892
18810
14445
17251
5249
7891
19400
21083
705
8161
3449
17917
26617
28954
21350
4775
17634
14055
31915
30232
3859
17423
13885
14719
15048
3187
29389
22999
4577
12285
6640
2679
31790
12755
12924
17893
7401
12240
3125
24812
27012
11828
11433
21486
7590
19354
856
11899
12400
28971
10520
26913
12036
21266
11960
2438
8264
21807
16100
19637
21991
10256
5960
19382
20121
12829
7417
20065
3493
6418
4112
16499
2980
32691
8856
31970
9351
19387
30378
25454
9947
2069
18390
27769
26700
14158
17349
12056
872
10827
22045
3434
8870
12087
27557
31529
31911
11456
28842
4734
26043
32131
3745
27418
6823
8132
27917
26498
10406
3427
31139
27818
5805
20491
31660
14278
13299
9645
30380
18013
12209
18733
8257
1183
24102
13147
27981
13816
20191
26660
31319
19429
6197
9226
21295
7943
31767
32209
24017
15990
18954
20603
27788
18775
8813
375
15204
1713
32514
30486
23732
12156
9386
21310
22808
7931
25200
18018
1673
23884
16841
3761
23242
14398
3098
30606
15620
24162
18811
27969
6829
12389
7355
30956
17325
15516
8356
14528
20932
6369
10880
10352
7974
3742
5596
19942
4201
19751
32139
7734
13729
5709
1518
11984
1738
6448
7283
1785
16230
28500
20572
9596
7526
28663
10434
3740
1870
19874
7129
30286
23957
12799
2933
23205
31562
19434
27341
8846
10750
970
29055
5309
3293
18978
32725
15079
18206
13411
6215
1330
24990
23557
4673
16874
13255
13269
27174
15733
21431
18321
21140
7817
20894
6578
27370
21148
17000
5001
16135
7836
23965
15245
29781
10209
12933
9716
18439
2400
14479
21376
17054
18721
16115
29340
17586
16883
32663
13991
20719
21854
22832
14736
14174
31193
29865
7075
1509
31037
22984
21922
25106
29562
14095
28952
12308
31112
24800
6890
11018
21665
19429
17455
21121
19886
1711
17729
20791
2303
30365
14100
16677
19006
23552
30407
28861
13478
24956
1913
3441
23408
15026
18014
22388
13966
5659
9490
17092
20380
26167
24109
10600
15124
17896
22551
29430
12737
31768
10782
21849
24182
25250
30661
4817
13311
13424
5727
22843
24408
1761
12509
9875
10781
29293
24037
22199
24898
11915
23588
15982
5124
9426
26852
30632
16159
16223
25825
17160
14402
30328
15192
8863
28096
24942
16226
4603
20104
20168
29568
32608
28247
10141
28535
27221
14892
8770
22622
19298
20733
2086
7925
10521
21672
4857
30776
32339
18220
9492
17460
21948
18457
24853
22298
16018
17989
25801
22674
32425
31169
11088
11601
9651
14859
23163
7918
26046
1157
32633
13809
21758
18214
32435
31278
31949
17264
15092
3409
23024
7586
14285
21433
12828
27694
15160
8074
25272
23405
12923
4605
3301
14738
24143
9979
17084
32477
2626
7915
6614
9745
21338
15048
18194
26919
16891
32374
10130
13892
15114
27990
23303
28905
3155
29976
21295
21353
6184
31440
31900
1185
25675
15948
25782
13795
4111
1957
259
23859
30137
21269
31654
24502
31532
28424
10534
16487
21958
16502
2929
9996
17797
8559
1569
21353
2926
3576
10237
20659
7983
4885
11715
32071
26627
13351
8741
15004
31958
14968
16145
22902
12202
8981
29749
5725
26681
7900
14019
14926
4571
22741
32369
13232
8363
30406
5061
15241
29157
2049
5007
23282
2963
22145
19383
25801
32617
20021
21816
14245
29933
28316
3949
23567
7899
31378
24716
21231
8135
23146
24432
10308
8708
25660
19099
7704
9925
32384
28795
948
20610
20700
27884
3344
11421
30523
24575
16013
16454
27423
505
16614
23708
5944
14495
12644
32276
18741
4529
16978
15135
30170
18101
16305
1543
851
11765
19501
17946
3528
15563
27215
3083
23089
32540
9715
26005
27500
10275
29181
5217
28044
8304
3656
11306
27509
13616
2527
23583
678
19630
13680
26505
2389
17434
6653
4525
23233
23178
18389
244
15812
19774
4547
23881
6567
2344
2181
11715
27963
5547
19071
14724
15397
7332
31665
28641
26234
13223
31207
7107
7820
19083
8495
26188
28931
25384
13456
27838
4911
30303
16121
28057
27548
10843
120
20740
2279
15895
15276
4206
31441
20000
30589
16757
16786
22173
2314
18439
18288
5772
31203
29639
6287
14414
7801
3250
19723
25446
28883
4866
22852
7038
898
13906
14457
4266
8406
18436
9625
17649
27218
11488
22101
11018
3166
4605
27770
8803
23100
26853
4478
29800
26173
28404
28760
14081
27189
17409
405
14428
5164
21569
23977
22510
2902
6503
2435
28852
16710
30480
29028
14527
25438
13919
1520
14831
138
25828
12166
18431
14126
6851
3021
6081
32604
27666
10639
23467
25931
2434
14027
2451
18436
21570
21765
11703
28767
26912
2017
28416
5166
26354
29168
10376
6584
29748
21450
15449
12137
18418
349
888
3015
14825
16772
32546
27048
7657
19420
12117
5282
28285
22739
12946
6596
2766
30721
4834
28803
3013
8380
25623
12279
29808
12518
5972
9288
16807
19978
10191
22627
7407
23719
1238
26609
13982
460
23824
11657
2880
25317
12038
8484
6202
6101
17121
31442
17325
837
29045
28076
31645
1339
23679
3850
20563
15342
31787
15862
3583
18137
9690
7904
6562
16398
28705
32659
5419
24525
6165
14183
3808
32341
19398
22456
16384
26618
32265
16536
7847
14200
10107
28097
18161
10887
6338
4045
32610
9391
16918
17834
23686
21598
5121
2632
18388
11832
23906
10900
28120
12974
19128
22442
22418
12754
27293
10566
13081
361
23441
9340
3971
22850
1785
6826
4105
18887
3431
29866
23143
210
18460
15948
17538
20674
972
1539
1357
11725
22689
25822
27885
5528
17282
17082
26652
5380
25748
10935
21195
24651
1793
17384
24075
12621
22009
16975
3373
24612
25335
25608
3624
27134
24902
20164
28988
23084
15043
24953
981
18806
25060
20056
21170
26546
1273
4352
5958
17301
1714
5361
5215
17608
24546
8259
9733
3134
20098
22168
2213
11974
30201
26703
7023
32220
21659
16890
8700
21189
12911
20498
18740
4059
27957
10986
29551
19493
17831
16098
4058
23850
4608
17629
285
13063
31163
7925
22330
15040
7837
28013
24760
15060
22261
28646
22274
24084
23843
1750
10762
24756
6231
26935
12081
5027
25243
25212
14187
10776
28692
11465
20638
1390
15236
15203
13900
29489
7188
2406
13682
4473
26705
16566
1968
19830
19060
19767
27049
12365
10726
12353
28845
28194
19971
10318
25494
27510
7711
246
6895
11444
8902
7966
11356
25606
11336
7532
25909
4461
17013
3326
22645
26897
16806
11867
979
29654
18685
13993
20526
7727
24045
29985
28974
10551
26876
27841
26665
12798
28615
13888
11843
17184
12359
15943
18906
9373
340
13278
21281
24036
7271
15141
11274
7729
13476
14404
28522
32537
32536
18084
23384
21860
4159
12384
15061
1050
13001
31222
4787
1504
7069
22083
5551
8325
7967
5806
9185
30425
19374
27555
22870
27838
3441
2371
28667
4481
16212
1113
30908
1130
19789
31632
12270
1937
19428
24804
28906
13556
10482
30551
3323
2503
22953
22757
2427
15371
10708
6329
2360
3682
4192
21921
25885
5666
11548
20672
14350
10152
21437
23683
25107
23791
18469
14294
18105
27233
4069
10647
19125
13804
32000
28746
21707
25689
22002
23055
21998
20697
16112
6354
7337
8929
18546
9922
30653
30264
18159
20228
27660
18767
22503
11944
437
9680
14375
16860
27777
14201
20297
20831
4990
17707
5242
21561
15337
16446
12416
6570
23377
24088
251
20320
21754
28670
24810
14316
9856
27945
23154
9591
18364
25373
9691
3249
16875
16438
6620
17419
16909
11396
28952
17190
10892
25817
2280
30347
26654
19487
32091
31644
3564
9967
18043
22731
31988
13664
15058
1545
6828
7965
6957
22913
23272
26043
2976
11399
8445
20809
7626
19659
15399
2856
20570
3539
808
23325
10194
3752
21298
15012
17548
1999
30215
12935
6650
13690
13151
14000
11057
12800
4490
29755
28841
21643
2390
17872
19262
26640
12595
16944
10363
20101
9109
6413
15384
25678
9370
12831
29377
14328
19181
17012
538
27177
12266
19464
14847
18903
27395
15253
31504
185
23650
6316
30317
25595
2767
31749
6846
15670
6357
16404
21111
8095
5408
8156
30554
7551
10794
14344
7997
29155
28951
7736
9741
29332
27613
665
6419
24137
27303
4024
26486
23324
24700
31896
31745
14651
27419
1282
9255
19936
4650
15388
26692
31363
400
27965
14630
13390
17184
32512
5836
8145
15223
3223
5229
5367
28199
10594
23997
7992
19733
704
8555
19985
5919
21542
1262
27057
2562
24942
1409
24566
27515
27505
27244
32151
11693
21207
11398
18339
12995
23854
30456
2346
29654
20538
9539
26937
3857
22412
25221
7436
275
26710
19960
2688
3476
6014
18619
28359
6988
5617
20693
23903
1808
18234
3447
11077
12863
9811
28801
6758
20572
27835
4424
22870
14332
12232
9366
11076
15075
26687
13811
19502
18794
6178
1571
25937
25892
713
13040
9700
9920
11060
3114
21509
23345
3232
14827
27124
31757
16728
6175
4991
1843
3022
27460
8125
31153
30186
21103
15103
29157
31394
6800
1284
15586
28107
22262
22380
21268
5679
25366
20591
2088
11743
12680
30159
29222
15563
3154
1035
19424
399
10857
15830
22160
23696
15989
20423
32445
29000
25301
7250
18526
29150
1763
1015
17986
18682
16761
32185
8367
5591
11444
5074
28490
11930
12023
6309
27190
7394
21811
10228
13952
18592
8806
18515
20923
17705
30818
16605
24807
29833
32208
30501
26264
29978
9588
26992
9300
3414
15027
6433
11068
2538
5970
31092
24558
16907
26240
13935
30123
13837
6423
26646
9397
31794
28447
1503
8187
28608
14996
11877
3576
22102
16232
5984
2265
28543
21708
14805
27102
8840
11180
3722
25602
16015
24184
28349
12766
221
11818
27925
23243
21878
4229
15065
21319
1517
29594
28000
31898
19069
23185
14281
18361
29014
14246
27884
32618
4149
10098
23951
32169
29751
29036
26334
20554
17391
29103
17685
4321
1974
20478
32384
29663
3138
10245
31397
21245
21371
1761
6592
14046
1929
25059
24687
9199
9266
27281
2991
11923
19043
25582
8455
6781
29196
23804
20227
2396
28209
29822
12772
31934
30527
2562
20630
12078
12188
31
26082
2208
22145
29692
18917
12816
7436
3601
4033
3173
20881
20530
11154
3739
21810
1225
13476
20257
4015
13155
6115
15488
21887
15982
20114
18750
29727
3648
27968
3842
22698
27996
7928
11512
1194
31217
24761
25975
17709
20644
4389
16098
24604
21647
10365
11212
11209
14474
11469
32351
17607
11689
13924
11006
22014
23302
6279
7721
9982
704
615
10657
25748
30787
11344
19661
22427
19402
25890
23645
32277
20259
5125
19757
14971
22450
601
9836
3409
25017
492
24317
3324
30935
17264
10781
4056
2510
28972
30535
15494
393
25073
10580
29827
23901
30800
18663
19711
4239
522
13832
2540
25366
11208
7439
20309
11683
23820
12996
31985
5855
4200
31684
26616
13811
31726
8999
26421
15950
7655
9311
25949
6306
456
19555
28063
3376
20833
22030
26236
25414
1624
9665
28377
6662
20438
26704
4434
7784
128
6428
16850
8835
6313
13180
22880
31240
16581
4962
1084
8207
18465
18747
22059
18966
31698
25878
30991
11334
27116
32009
10682
21241
25844
29392
30468
13690
23447
15544
30491
26123
22683
13756
26395
813
16151
14573
26847
19995
5855
3095
21270
2712
32067
23969
18329
3050
3577
22965
1020
4903
22615
6817
8290
25263
13509
30845
12438
11002
3699
31758
31576
13460
30023
30955
15349
27493
3098
4830
8731
12086
10019
12941
1002
3441
11955
11610
30286
18472
6691
9351
16269
20057
5899
24478
22556
2417
12469
9744
28087
9230
3026
23580
7344
11785
2667
26354
21384
16820
27674
7193
5308
3680
15993
16398
2785
27683
12763
22574
8947
23768
9786
21461
8427
7782
1137
20680
25231
12870
14251
32464
17550
32319
23324
26280
24012
27252
28655
6169
1275
8353
12159
868
21611
20642
19913
480
8227
7733
16418
20964
4656
7168
23589
2535
24893
30678
25328
18150
21860
15414
19600
6663
3908
19220
26553
31099
17748
30172
8634
14504
27510
22197
2737
19336
30928
20227
27131
22860
16343
20271
30447
25158
3244
19370
2508
32005
32172
815
22767
28354
19011
31305
5706
8955
27648
20502
273
18013
24047
20554
16310
2279
26147
26230
5656
19277
7570
22155
19448
15258
10790
24218
22444
9498
24336
9693
8471
30583
14176
7419
28888
18722
24274
13192
24514
22772
15595
1739
23180
21270
13893
28101
3530
23838
6184
1646
19996
11642
25177
10306
20646
12818
25399
24572
18368
2601
23043
22690
14318
22404
4992
21953
6418
10959
13500
8954
6112
3900
10285
7357
2963
31085
24831
13909
29662
7572
26797
8485
4902
28889
27343
31025
30958
23036
13107
6880
4243
21819
21038
1536
2105
3958
23348
29194
9221
15505
29095
30631
20877
11546
6125
29556
3980
26411
29893
1538
32219
18066
731
21794
10652
26672
24218
29279
27064
25759
9793
2763
24461
7704
8249
17407
28640
9619
7078
27229
18457
31535
16188
21656
17327
11733
14931
8311
17889
7704
3134
11477
23463
26720
21977
29933
14824
14920
26978
12500
27629
5956
3210
24391
17942
20615
8395
7335
28875
13348
9723
27458
8118
14195
19234
20692
18735
8374
393
27982
29176
29692
17939
28373
24875
10054
5328
1806
20592
25065
15056
17817
27763
19251
31285
31707
14742
11345
13452
3585
12515
26992
3934
21825
10564
5667
18177
30563
24822
10501
9140
22401
15163
4767
17644
1035
1615
15244
14056
17933
23966
11738
1675
13749
31796
28084
18283
30736
4981
17726
16422
2580
31246
1985
12533
15587
18219
4104
26755
18254
11755
32266
6911
4248
11536
30665
12143
6269
26364
29049
30536
8307
13785
16613
1084
31280
20503
15
4180
8044
4379
790
11326
30440
14901
25949
10216
27311
16339
29162
26958
13212
30453
27404
9616
32284
14049
30017
12359
19509
17176
10582
21785
14536
4488
4560
28555
19
16643
6027
13591
29049
21488
8609
25983
11910
833
27789
21856
23342
15781
23697
1802
9045
9982
20309
17807
14741
11285
12496
30234
13115
32396
22379
4994
26002
3349
27492
2079
10341
19426
23921
23005
8639
24925
12455
23694
32501
2840
7065
24197
16102
20231
17604
864
29058
19693
7723
16677
4233
17428
9278
13201
21909
8513
1024
14764
12635
10471
27753
4513
18478
4507
3849
26317
6085
8904
5103
1558
10813
11172
1225
11390
31329
26210
29517
9207
27946
7082
24279
8826
1154
6726
7507
8019
12109
22302
19293
4799
23210
18790
1959
21432
10358
22294
32155
2064
28435
26010
834
23229
26215
25291
20069
27764
9767
23071
1266
12921
22869
27164
11424
14261
19207
11795
15830
29705
12395
28682
24010
11746
21512
14074
998
6669
1606
1339
3695
11725
30513
23356
2664
22315
23930
21111
12980
3982
3774
25764
27260
31883
27915
13101
14032
4862
19873
25315
31633
28762
15605
24559
32654
24125
17404
7691
31725
13384
4773
10482
15053
3117
13224
6420
2345
31753
11646
16527
32767
19189
13488
9307
26802
21463
21333
5572
16558
2687
10710
30
8266
22255
11509
16052
2290
15097
1294
3841
24197
30224
29340
29475
4092
7000
23550
6284
13133
19967
26748
5883
6286
6096
19589
7082
6238
3589
11066
21705
8577
14429
12593
12588
18890
28271
19570
18497
26174
7998
9670
32324
28278
14093
16178
14518
12101
6005
23486
14091
4251
21940
5242
25507
29353
13128
16067
12539
26182
1213
1987
22309
17554
31427
26935
1397
27097
387
23413
23678
6074
10803
26797
17468
17032
21224
1391
29331
19952
172
21101
13816
31964
8145
11139
22639
6296
7813
10228
11957
4915
5542
28663
10174
10537
29655
2930
28770
17982
24275
3589
32595
12717
16129
17482
7506
17794
10569
18011
15778
13637
6951
5013
15037
10200
15613
7068
19271
10402
7854
22687
17216
13294
8808
24286
30077
25229
2497
1385
18777
30915
22790
3114
22696
23649
1231
25381
10732
13870
7639
30463
23244
17035
28427
9917
20161
5463
16865
18127
13843
21777
15595
21837
260
12604
4268
17280
4938
6152
26282
30884
19395
28462
18116
29164
13413
21532
26310
9159
28276
10066
6203
98
12023
26380
18563
18286
24428
7457
18213
803
14011
25643
18022
22149
24169
18408
18970
230
30734
1248
30906
15020
5897
27464
695
20308
626
26919
5134
6327
21328
32695
1053
16268
17164
10254
14260
25903
15910
27389
26992
6817
3879
12345
19524
18639
13783
2232
15449
28183
16047
30814
29208
21768
11921
729
27525
10345
22199
32714
32718
2173
9450
31269
20771
1414
17396
7898
4297
9096
8279
32437
18794
19279
9535
10114
9136
19635
17846
22646
22802
22043
9751
21962
18669
1344
31173
8105
25558
30004
26908
4172
24879
28066
5032
9572
29432
5975
661
30904
27624
23041
8039
11279
3004
18231
748
19536
26064
14010
12398
28648
5612
30715
4396
5228
14176
15581
17420
32639
21075
8635
5514
9975
13144
30381
13300
25659
24898
11783
29657
30447
9530
5155
14527
6868
22798
13409
22036
13545
28620
3947
31847
23511
27792
1726
1752
16267
15258
8550
15565
13349
8611
3592
23527
25617
13681
1574
32309
28019
6058
30367
12455
28361
23782
4469
19909
18124
24071
11475
28832
2966
25293
4943
5129
32010
23205
10604
12802
30321
6082
3171
30578
9057
16495
3619
24605
31715
27300
12950
20178
19412
5591
4646
30182
18828
30484
17792
9186
32702
19280
16023
18553
3743
9211
13036
17853
2123
25044
31502
24978
27748
20993
2908
27490
1788
8543
27154
27154
14005
6679
18052
26165
24102
24434
5540
9344
1153
7150
22474
25726
26995
21905
27573
30597
4172
23677
4813
17385
1632
1989
2730
2159
26797
13439
24538
29701
27838
15130
24031
26032
28879
20210
16504
26821
22321
31778
2594
16732
12528
14233
9181
7426
31668
13681
10803
15278
30437
31100
2935
9463
21522
22047
23371
15747
18068
19811
32612
20675
13934
2121
6546
25309
6776
22622
21242
24298
15805
30608
27814
30050
29729
31296
14657
16084
583
10136
25627
30427
15537
11295
10612
25421
8745
23178
25590
15285
30048
28374
4995
9476
6614
1939
16689
5507
14329
18819
25747
13580
27793
24931
11835
3450
1883
22537
23420
8030
7412
27823
30581
12020
28665
27023
11594
23893
30061
9904
4021
25069
30811
12031
31166
30768
8380
15265
27846
21897
24986
31112
4042
15251
4726
19780
13286
31372
14312
2332
536
30727
16261
18782
13895
3552
13061
27379
2948
21877
9894
20534
15759
13075
26315
26631
17309
13743
10473
11034
10328
7895
17315
917
9000
9960
12852
21211
22193
20864
26382
2466
22685
26166
12736
1612
26267
24969
15389
11636
27815
29207
25243
28871
16525
22032
27641
14357
13992
11497
25637
24743
29680
4437
7772
18132
8500
3953
8851
3535
25507
19262
2582
6595
16017
27477
3951
28706
17016
7126
21897
29242
11581
15778
10773
9737
24501
5578
18221
338
19560
4423
22583
27376
17301
28907
17933
26219
16502
29079
3675
7625
7108
17583
10824
15782
18302
27851
18520
22407
30695
21167
23952
15980
24014
9854
20956
4516
22033
24874
19375
27109
12900
31279
24297
23708
32591
9601
8957
18818
27510
11714
29779
9840
13341
16057
25835
15732
15083
13312
8260
4388
10478
16380
18044
23346
17120
32530
696
22849
21161
19224
24774
23543
18980
25354
9729
19540
806
15103
12661
6978
16573
2139
10052
20333
21941
24133
27465
9556
5217
28252
12026
30113
27544
16805
5779
21941
21757
32200
14705
9864
30851
2685
443
1456
10545
11073
12104
21695
7971
24909
445
19154
4818
10696
19958
17511
7573
27708
680
17775
871
11591
24644
24997
18922
22931
26654
32541
16556
15623
18126
10016
24233
31295
15830
22839
6418
5690
20614
5254
5965
27731
14365
2907
26685
7795
25393
13575
7363
21892
1105
12781
27525
26153
29672
13784
16878
11692
26980
27794
26230
15160
20376
3250
4131
6472
14431
3253
5967
19295
13187
11856
9133
21498
3293
21509
31623
22210
13757
21749
22601
11015
23948
17141
25667
29290
32175
22243
17835
2009
23727
30523
23265
23233
19607
3301
3063
2686
10398
6737
21873
22039
22022
18630
28745
13352
19524
24567
15159
10015
26721
23512
18735
8619
4000
5295
14634
3954
25953
11630
15145
22019
6213
15424
26231
25099
2707
24930
17711
5323
23003
16436
14591
9673
2521
3728
7467
19654
22171
11866
18901
18417
29158
1368
23675
4698
12247
1860
27073
24233
26310
9760
31857
10768
1647
7370
1472
31614
10836
18384
8915
8982
11101
133
23425
3551
29890
11861
15963
445
8234
597
32233
21920
7445
4382
29495
31227
26487
16092
10640
25976
4517
12706
22410
14826
9589
15873
26947
13698
8353
472
32745
17479
4205
8557
2688
17856
4234
23229
23519
23283
12601
25361
25084
20628
2228
17106
25194
31094
29641
9118
24608
3397
18888
17563
3708
24439
1951
2316
30088
640
13892
21794
11131
11077
4179
11540
18307
26836
11001
19058
29121
1106
9744
7094
13461
7476
10123
25116
29469
21939
9749
25011
10488
9081
18165
22452
22352
6305
21301
11027
17175
14558
2051
2901
26768
12026
18007
29089
18450
30339
26070
14361
28681
19905
12023
15211
26685
1002
16484
15010
25175
30617
25507
26947
21409
22909
5365
26517
23565
1870
17022
5440
7801
4870
1703
29209
28209
19021
25025
317
30133
21045
14059
25181
15037
11047
4149
5464
9083
12574
28165
7183
24864
27666
9658
28277
25505
17592
5008
29925
15035
29032
9155
31929
2101
12126
30456
23320
26469
7206
9688
12815
28149
17234
26622
3043
10727
13422
8723
16550
16599
13622
7991
23049
5248
25606
31139
26993
4226
24209
30349
1101
1379
16598
22860
23206
13523
4176
29117
7159
29492
26477
27109
7744
601
30018
5848
31574
2446
9597
20697
6269
20185
1179
5826
19512
5504
13403
167
5728
17867
1138
17846
7796
16907
896
22881
27696
3291
7235
25536
3681
9382
4874
6448
9207
14442
30573
13633
31580
6587
24124
7375
15364
4106
30645
27502
20038
28967
22010
28684
30058
8965
30658
23761
20483
27326
27470
11850
12927
11478
7583
3527
4092
708
10726
13057
25949
18862
15676
2304
23197
3701
25235
6716
3684
31473
19180
2051
16344
10366
26059
4378
19126
31671
24040
27559
10657
28033
20008
30286
29370
25932
17099
1179
624
2197
23271
19104
18586
9135
7701
11231
27587
4036
23146
29034
14020
14871
7849
11080
1177
12427
9398
16667
7789
22377
16462
30208
16375
11358
9718
25527
13833
15043
7729
12548
19302
9505
30966
1876
30677
26613
21857
2980
1395
14768
4521
24223
8269
11266
30546
26630
1070
29272
30628
29013
15542
29092
3163
21412
11180
32092
4256
15563
18837
26053
9784
20425
21638
15217
31484
9319
24886
27654
649
27160
599
7234
30776
12836
31271
25404
15697
9477
10818
19181
26491
10001
13754
14830
4983
12378
2409
10883
20494
23507
16006
21209
13640
29108
2935
8844
31711
28959
14054
14700
10483
23811
16663
15233
8703
20545
14201
9805
15628
7437
26235
2896
8485
31639
23968
21458
2826
3051
31190
29148
18985
12054
27140
8840
2505
31627
25058
9594
14985
20677
28429
3503
12297
20013
9307
3958
18151
12605
3947
28603
9965
24294
11393
30859
30088
7215
19601
5845
3196
14880
8602
1390
2263
14558
25910
10584
17955
9751
19822
836
6624
15008
17362
23125
25394
31581
4810
1063
17110
24930
32039
28176
3930
19799
29693
19366
22926
18977
24245
3713
5430
25279
10590
2882
14849
3953
3396
28627
28863
32288
18372
28401
8398
14842
13150
17640
29141
30301
30476
31134
5557
246
16338
979
28349
7978
14487
12711
26142
23220
13363
31325
1694
400
15817
7518
12176
23832
855
12929
29699
25710
20107
3977
31290
28185
32729
9968
28508
9459
16330
17379
25453
17474
23191
18317
8573
24357
31222
19352
22559
14130
12596
19953
9757
26205
3972
18892
24426
24603
11415
25065
7768
3528
25452
21
29963
2630
12138
3571
21294
16616
24492
11004
29668
29582
5276
965
26626
27665
15299
11904
4219
23777
32223
12486
7452
13548
21302
4756
25465
27330
12843
8851
8743
759
3087
20380
1067
21961
3129
15227
30899
22531
19801
27379
13060
27426
30985
14083
26292
30901
1445
25448
5145
23818
1629
32355
30977
25862
16776
28092
31139
25429
315
19719
5590
8388
21019
294
16001
11242
9327
9487
8019
19470
890
13264
12468
6981
22279
5072
9723
3035
25413
26455
3041
23796
31445
18000
11061
17011
5922
17742
978
17435
19185
28110
29647
6132
17209
3004
24309
31729
18996
29752
27254
21199
182
10649
8411
2112
16830
178
4671
73
25674
11093
17595
5609
20336
19478
2337
27899
5291
30545
2029
7005
1139
17775
6776
27986
28944
23140
17519
18725
5039
1660
24964
30224
18358
25688
23395
19035
4181
6195
31720
1224
7261
5227
12175
21807
15446
1852
19500
22630
32460
21966
12252
2915
26345
18546
19515
31141
29001
19496
29143
10960
23305
28006
28645
5015
24353
28692
23603
3550
24052
10459
5982
7200
8998
31647
24901
31759
15790
9034
4541
19579
7724
9932
18823
19061
28540
8032
12159
27060
23947
13328
3605
19512
15977
28283
25857
23852
20896
19670
17203
4881
2501
13617
32009
7449
5196
11771
4805
32721
5024
32713
23358
25859
16244
9299
18134
8923
24403
9919
20139
15944
21375
22819
25618
27813
8184
837
29761
22681
11739
28325
21579
11836
14061
29629
10578
12923
3960
27783
8439
27069
16982
12352
3606
4551
13131
31852
15793
29404
15256
28442
6185
19497
29900
30313
25268
24417
9694
22859
13579
24485
1657
15753
30563
18342
19607
20231
31903
23309
14417
27722
3268
22299
4597
31799
29613
5772
20058
20765
26624
11458
19824
15606
24160
15391
26395
15082
7396
2995
14914
21013
8904
8215
29219
5514
14435
23448
30185
26008
15193
27032
13952
22092
31506
31026
3752
24374
14699
2845
26952
14448
9131
22227
8709
2269
22456
2802
21524
18863
18827
27874
2892
812
7393
7096
2944
18097
18227
31322
8715
2551
3561
1252
13740
18325
13515
5451
2197
2246
28856
23361
24766
15469
29338
2904
2687
32598
7833
2409
26974
14783
17295
4663
2854
13847
26300
10320
28985
5381
30652
18484
1062
17068
181
10169
25982
20782
9941
1198
5092
23662
3836
18111
5476
23323
31413
30872
7174
234
12651
23630
22690
5666
2522
7930
28661
26718
10179
28583
17909
14478
16868
32110
4962
19008
1063
8415
31134
30750
25114
13475
2238
29111
28063
24928
27617
1666
1509
24797
12224
8735
29334
31847
22407
24033
16210
19059
13284
19338
27485
28548
12381
23893
16788
26191
2790
3898
27814
4893
10675
13677
7040
9842
843
5160
18953
4844
19678
9386
528
6765
25304
11136
10370
13949
8118
1027
10977
24553
5400
17698
8433
31152
23320
9057
14005
25376
27099
13346
29337
30013
12645
30243
11249
28514
25522
17225
17826
5931
9474
3996
287
3985
5748
6546
32152
11095
28374
28560
14190
16038
5564
28334
7145
13300
29903
7867
1325
26666
29544
3969
12906
4613
20574
6985
4180
14524
19996
12962
26067
32228
25846
5471
14587
16017
28605
7391
62
20415
1680
31633
29664
23024
31734
5558
5036
6166
12330
22377
13542
32178
11958
11229
11392
2110
19011
31207
27024
16329
10928
18876
5122
10977
353
30715
906
14773
22490
6638
8925
27771
11404
30477
4897
14608
20974
15299
9122
29662
17360
18805
29126
16387
26349
18369
17731
19120
26303
23299
31887
21966
9623
9246
7577
21992
29420
28025
24246
10053
31731
10567
15326
7764
10865
9484
27672
30542
26062
5724
19251
26902
27242
25830
2999
24420
11060
21938
17691
8226
29048
31655
12856
24598
12024
4432
13310
2754
13887
8160
27750
16776
19762
6003
1447
22034
19944
15510
31149
17393
18875
3850
28103
28036
25247
3525
30368
8220
20147
31802
22640
9053
14870
3290
6003
22504
31484
5339
27803
10551
19457
11576
29314
22215
189
25849
7842
22653
26776
26804
23240
25155
21471
17236
21190
19186
28440
7193
19048
23156
26771
5600
4010
17194
5186
13221
23848
19083
458
26182
16598
25870
14554
10121
23281
18762
4028
18017
2358
15964
20522
18541
21073
10634
7778
1218
9624
7974
22141
23530
17145
31412
21500
12588
24369
16975
22436
2318
22591
22856
32652
28953
3609
17937
1396
5340
13213
3929
14168
9268
11210
29817
24133
28362
18224
1295
1900
22748
30117
23528
25461
3393
16442
292
12309
4263
8046
14228
24547
6688
417
14695
29799
21725
5579
10246
15988
28472
11885
13116