1000
5488
3482
22002
28375
272
23449
24722
31580
14220
72
1375
4774
9691
18701
24375
6888
13561
26695
20237
18711
32407
10034
30271
494
14865
28427
11043
19508
30112
28020
7139
14401
28625
22553
5004
24767
9525
5012
5473
26798
26202
16782
17013
6826
2555
31271
15737
3441
3956
13464
210
29088
17784
8983
23279
27837
18694
1532
1241
9594
28825
14881
1803
25912
30624
1678
24709
29387
32301
27990
9244
2685
12529
956
20
5973
11624
5530
25584
4505
30289
6148
14473
9873
3169
12072
24158
3470
32568
19320
26155
11819
2708
8716
14269
31699
5061
1089
6916
10883
7009
23207
22378
8401
30520
18202
23907
19246
26762
12846
11845
13416
25208
18385
30299
1907
5305
10027
3380
24168
3726
18889
20545
718
3576
26107
2976
793
20264
20602
25906
16752
28727
8526
32243
24499
15639
8175
15755
11453
30666
15019
31776
30438
28881
3399
32367
26572
1000
15081
30747
19796
19696
7990
2116
29675
10541
6839
25692
30226
22705
32385
9526
9497
21528
23317
27232
28458
10870
13957
18355
26250
31630
28120
12584
19996
25157
17840
22766
20263
25430
28202
13241
15448
13382
32262
5980
1547
28315
10504
10138
17350
841
13725
1337
30470
621
30146
29529
27455
2877
18210
26372
22302
30783
24190
13574
8977
7098
25170
20991
30985
8299
6326
22710
383
25208
11394
19120
29109
21674
19893
16130
20286
17878
12568
29539
3264
6812
13086
29573
25593
20308
8719
19110
4352
22086
29541
29538
21197
9753
26743
31179
21756
3215
26196
955
26318
6511
1266
13161
9073
13762
6536
6203
28545
15169
16440
8667
28622
8207
10481
18829
23904
2724
11156
26048
23224
25097
26453
23522
11865
11851
29029
9337
1671
23850
22222
21872
10831
16145
30110
9902
15303
20555
28999
9454
28567
8819
17990
1738
23992
31276
16643
22552
20348
29971
23544
28538
11983
19442
18710
25137
31420
1335
10852
27186
25907
11172
15850
29308
32265
23879
205
15784
3904
18093
3515
23234
3721
24147
14985
23639
18439
29789
14619
1487
9814
27274
16261
25341
15308
10344
31599
32245
28926
8132
21694
10014
31878
30053
17265
904
2052
8698
15560
21887
9827
8016
31660
13152
32606
30152
10315
8363
21570
15881
8963
15706
16885
27378
30337
32625
25655
28626
13610
10967
15912
5852
17849
31588
3082
7125
25386
13627
25161
24336
21464
3930
15800
17564
7138
11375
26910
5052
11986
5613
23537
27287
25729
28000
30305
6705
13621
18430
16025
32410
269
26750
833
10086
26271
19245
1863
25692
27871
14398
6879
2675
1091
20577
17864
1274
8996
18328
26321
1814
360
16966
27805
29041
14174
2185
2979
16433
17385
970
5496
5415
15841
14995
21841
12873
13494
16032
5572
30819
1110
16696
13262
15881
8273
16830
25370
4816
6715
2691
1920
17086
26451
28638
18381
11774
10593
1407
15810
18648
32485
15872
26463
22497
7789
10429
15713
15471
16711
16870
4873
25936
8536
2258
8991
14268
3660
20630
28215
1159
24048
32471
20019
23963
15323
11484
25353
24486
7252
24295
15558
17424
22128
17862
26323
20272
10619
16037
14455
28351
12697
1318
3742
7309
4013
19380
21209
22898
18554
11796
29605
21640
7945
12860
12784
4759
28234
19305
26585
10705
17917
4972
11448
26048
20179
11844
31326
26492
14801
3058
14238
5665
16118
31881
19468
29568
28445
19077
8452
10517
23845
20317
13294
24890
25166
13916
7617
16537
486
25004
13254
5095
12326
9652
9631
1488
87
20132
15495
28973
32312
9293
8155
9085
13988
24631
17114
9107
13168
18925
24489
20620
28307
28060
9113
27908
137
8412
28845
27274
3577
18894
22615
2384
14485
7271
13187
8231
5953
16907
31702
8363
31096
8030
19000
11195
31212
11351
7824
18989
9325
4758
21710
7615
13068
1527
27439
7760
9856
2919
32188
14160
15817
8694
6933
22901
4371
558
22124
21679
21468
26531
15060
3679
601
6348
956
26564
32278
846t
16054
26805
24030
28965
14974
662
29914
22934
26423
32645
21756
5027
3063
29140
20639
19533
30086
14268
16231
26033
611
26447
2671
25236
12296
13999
17315
12352
3439
13438
19562
17039
14037
25749
20361
13893
16062
5369
4676
28066
10297
32522
24773
23352
22117
2302
6594
28411
5428
15246
7515
22935
8047
16367
9025
6662
17915
31236
15389
2401
7258
4818
560
22774
20084
1844
15670
13980
920
3792
32145
2883
29374
28489
29347
1999
3087
4023
124
29735
23463
24660
22709
29832
2457
27255
6811
14624
6963
7367
16017
19416
22916
10152
20655
28785
284
32250
16047
19154
7955
19971
15626
16288
16205
1705
1886
17168
20475
15589
19
2553
24165
1396
29502
20782
4328
5840
197
12042
570
18270
29125
9036
25078
15337
32048
22821
32340
23119
16315
20368
6967
21626
27383
23522
14958
24466
28605
15010
14643
27505
10192
8858
26360
28248
17086
3630
31076
6368
31239
12013
408
1587
20609
16230
18102
15483
24827
10045
10660
4507
33
9598
30221
18462
13728
30000
17577
30828
20618
8238
21183
6724
6907
29746
29416
16998
28925
20019
31509
26768
16041
12273
21459
18860
10639
21454
3278
14920
26968
13023
6804
32070
5034
12611
8604
29397
24396
25779
29319
13216
8843
10587
7077
27717
4316
30952
13243
3336
31682
14307
16900
8649
6898
27965
26485
26163
8118
6187
11589
27191
6031
6196
7341
23224
25118
23431
1005
17032
15940
18323
3215
22420
12937
4050
1775
10331
21690
28389
3835
15781
13526
30182
28216
1137
28460
26106
24326
5167
10685
18469
5412
9519
231
14179
12150
19290
10053
4340
30470
18720
15569
32503
3914
3761
8523
4410
31653
14704
17887
22609
7727
10148
16898
14053
5049
29809
12189
23887
4364
28680
4717
9061
9586
26650
20137
13460
1656
21650
29414
16944
18673
15491
22841
12295
11070
26463
25499
28476
21709
11883
22417
31571
12000
623
7436
11656
14992
31154
25741
23141
2065
31269
30862
28051
13111
21471
15902
30705
2361
24521
10443
25571
15286
30363
9668
17389
17653
21511
16959
28544
24945
14899
4377
25107
17045
26989
5052
4214
24260
16411
10822
10339
668
5872
20200
28247
1916
11622
8331
11679
21315
14952
186
28342
1371
30030
18620
26574
29943
11023
23040
23469
25752
13234
3519
23226
3798
23558
18396
6744
28765