1000
5920
6144
5990
6998
12430
22400
4550
27857
14477
3956
10847
20718
13502
2693
11903
6098
19590
19221
27987
4359
6674
10288
12552
12310
3224
14015
21297
24408
16352
21247
28777
29961
27908
24114
32569
32414
22644
1173
20028
22104
24892
8081
11648
14106
5514
2101
18224
17016
28778
28132
27504
11536
9429
1355
21385
1309
6634
9110
8262
18249
31867
6628
6046
13763
2507
25848
26002
9618
30614
1329
25689
13865
7506
4796
12219
10043
17077
25096
1979
16592
14199
19578
18040
409
6233
29027
27989
1920
25958
815
3416
26244
19833
29919
3792
25028
21247
7097
7227
15065
11774
6461
13414
2921
3927
8540
10198
23801
10568
28901
1383
29443
8500
2112
14899
31561
20135
32350
26805
6248
27541
32752
15151
31408
6626
20183
13640
31539
25127
21980
18682
27932
4020
9378
12971
6467
3537
26584
24730
6142
10826
12723
27005
32057
24874
9884
22121
2761
5574
25126
17393
23805
23805
10306
7826
17782
15551
14006
32335
18489
1228
19147
26008
28419
9406
12102
26480
26333
9034
26266
30927
7151
6851
17756
28997
18329
24287
4343
32481
9408
12222
30369
4433
15974
7720
28302
74
3198
1303
24419
28971
21246
15477
5613
16349
30517
26918
25875
28413
16223
3657
521
25405
12407
17339
28871
28167
32332
13789
5306
27492
16855
21144
14777
30493
27084
18334
10554
32032
6511
13810
8134
10532
27049
16042
13994
31120
16475
19700
5616
31129
12786
16727
653
26283
8508
25147
7388
17675
4474
13740
25419
10170
24246
10331
19797
12188
20566
9701
4784
1497
14834
1624
29383
21892
7779
29940
4202
2171
2332
13358
13764
19342
4542
25339
5262
7651
15846
10058
22147
28568
13641
25042
4628
5035
31748
20239
30556
2327
10029
14727
18774
24384
16302
8530
30542
14737
18259
31961
27285
13924
5153
30430
23673
15650
30186
19901
18548
30635
23070
14321
20132
31480
25060
29145
6779
25343
7785
22716
8632
26070
26488
14092
20374
8732
76
9703
28739
11413
32418
10211
28819
8468
10258
24843
17910
15006
14750
4133
4776
14028
19852
11575
23079
2161
21361
20809
23018
7549
20111
19307
23120
15393
20064
1786
3031
15156
21875
10016
17550
6614
8823
31642
12749
14931
3990
12990
21027
17482
31748
27836
19344
29198
29655
5156
29172
19788
2585
8104
4552
7918
6427
8484
21260
5696
23821
17883
18560
27473
7372
11267
32535
157
21755
12677
8617
18408
6485
8190
1256
28269
8257
23049
12181
5176
11431
28096
13044
4817
18947
12416
26493
5914
3768
18413
25044
4730
22694
17462
13307
18235
14334
12187
20167
29745
31829
14124
6032
25501
6136
20691
1581
24912
19840
660
24351
23572
23462
12052
24077
13895
7000
2904
25713
2505
17420
8656
144
25369
19028
1684
24751
14266
3250
8429
1668
7132
17070
11799
20203
31544
25127
24901
8666
22844
28391
17638
24215
23656
26746
16679
22568
10488
19007
27577
30220
20163
20927
1236
19752
20067
32574
17788
17668
31126
1168
25347
7479
13028
5678
27599
26400
20610
21129
24925
18391
9847
13214
13190
5731
31741
16075
257
10798
28714
26337
16682
28086
4559
21626
15105
2436
11937
2189
28022
15202
7574
3391
19684
11721
2194
10492
31195
25497
31043
18375
21794
3084
11593
3790
5372
21229
30107
20034
16299
261
9510
17765
12083
215
21175
27877
608
7053
29210
15208
7946
561
2180
6248
10648
30496
46
28993
5571
11196
24387
9352
13469
9826
26108
14239
25553
17564
22537
2694
16940
11671
30004
32244
3420
18647
25921
16295
3320
3369
6936
12536
11969
15321
29478
7090
14376
23590
4352
10532
12560
2803
16457
20341
27604
29375
23767
10552
20108
32727
1553
27456
16780
9418
8603
27830
26414
17182
28982
30056
210
3137
16353
18020
9506
28354
27204
4294
11163
25537
17999
20174
29001
12453
11807
13110
23249
28941
12833
8898
14261
32008
13945
27672
27348
32648
32677
12754
31792
20756
29277
15058
30708
27326
2750
7381
16054
1365
20136
30027
11001
14555
16229
9319
12278
12345
3723
15986
21916
17714
6691
10084
13781
6294
29706
3253
24331
31416
30872
12657
16363
14369
14464
16523
104
7814
14839
6515
27651
19960
21785
19178
20810
10843
12168
12310
31391
281
6998
25553
9275
14104
23845
32327
4979
4841
7564
20672
13113
30530
2493
5050
23013
8622
26469
15163
7222
16771
8148
25957
20883
31508
1630
5963
11671
11049
24065
15363
4813
32428
25160
6653
696
12965
22382
12946
20247
4201
26055
16352
28774
31245
17500
17622
9640
6945
30421
25483
16740
4507
8861
28116
18414
8978
16192
25621
17127
21037
9752
22103
28167
26714
17704
23451
8474
18371
31048
4974
6985
6526
21379
26046
5019
11267
19901
29932
12988
5604
12952
30242
23036
28856
15513
25575
23450
16472
12423
16113
2115
23119
30484
20794
13782
24971
31168
10070
9066
10841
18169
13315
24210
6800
16775
20994
3552
23051
24359
6181
17575
26461
14966
13226
17413
25793
31761
15559
19745
12624
24315
14726
26802
8823
21567
17107
18369
29095
2518
32723
8623
12878
22730
27512
13177
25607
24220
6227
17467
29965
17892
26281
21235
18678
567
24776
20872
6046
845
12699
4363
14433
9059
27005
17212
11661
21727
1355
13648
1046
21299
27581
10225
23436
23299
21750
26759
10827
11658
20569
4022
4594
25402
23711
2343
22550
20898
17958
18572
22327
2197
16268
20446
31730
10889
26749
27369
8825
9277
14025
17419
26689
1951
30138
13881
17914
3564
20388
66
1476
1305
5565
15704
27040
11378
14895
18124
5668
17537
12396
25369
5492
22065
10178
26148
1645
30003
21551
9922
19491
417
14710
28027
20878
11489
11378
16526
13696
17869
32427
12596
29402
4112
2087
3625
22784
10963
899
8041
26762
19098
28738
20279
26685
19048
28516
25700
17977
22570
20026
12750
6515
16466
13178
24359
22374
7363
8847
12024
4614
27373
18738
26085
20982
19769
19262
14130
24826
31655
192
23174
6319
10165
23118
12015
2426
22404
24475
3879
3518
31798
31816
15126
7506
18330
3836
31383
30002
1291
28342
23935
26484
31125
23138
15580
26494
3930
1707
24954
9847
20532
15889
29612
21499
29596
18235
6216
22291
971
1422
24308
4964
24094
2046
26016
3750
4799
31268
21844
2648
26498
11153
7212
26034
525